#Col userid purchase in store a   purchase in store b 3
10 9 8 8 7 6 10 9 8 8 7 6
10 9 8 8 7 6 10 9 8 8 7 6
10 9 8 8 7 6 10 9 8 8 7 6
10 9 8 8 7 6 10 9 8 8 7 6
10 9 8 8 7 6 10 9 8 8 7 6
10 9 8 8 7 6 10 9 8 8 7 6
10 9 8 8 7 6 10 9 8 8 7 6
10 9 8 8 7 6 10 9 8 8 7 6
10 9 8 8 7 6 10 9 8 8 7 6
10 9 8 8 7 6 10 9 8 8 7 6
10 9 8 8 7 6 10 9 8 8 7 6
10 9 8 8 7 6 10 9 8 8 7 6
10 9 8 8 7 6 10 9 8 8 7 6
10 9 8 8 7 6 10 9 8 8 7 6
10 9 8 8 7 6 10 9 8 8 7 6
10 9 8 8 7 6 10 9 8 8 7 6
10 9 8 8 7 6 10 9 8 8 7 6
10 9 8 8 7 6 10 9 8 8 7 6
10 9 8 8 7 6 10 9 8 8 7 6
10 9 8 8 7 6 10 9 8 8 7 6